{
 "cells": [
  {
   "cell_type": "code",
   "execution_count": 24,
   "metadata": {},
   "outputs": [],
   "source": [
    "import numpy as np\n",
    "import sys\n",
    "if \"../\" not in sys.path:\n",
    "  sys.path.append(\"../\") \n",
    "from lib.envs.gridworld import GridworldEnv"
   ]
  },
  {
   "cell_type": "code",
   "execution_count": 25,
   "metadata": {},
   "outputs": [],
   "source": [
    "env = GridworldEnv()"
   ]
  },
  {
   "cell_type": "code",
   "execution_count": 49,
   "metadata": {},
   "outputs": [],
   "source": [
    "def policy_eval(policy, env, discount_factor=1.0, theta=0.00001):\n",
    "    \"\"\"\n",
    "    Evaluate a policy given an environment and a full description of the environment's dynamics.\n",
    "    \n",
    "    Args:\n",
    "        policy: [S, A] shaped matrix representing the policy.\n",
    "        env: OpenAI env. env.P represents the transition probabilities of the environment.\n",
    "            env.P[s][a] is a list of transition tuples (prob, next_state, reward, done).\n",
    "            env.nS is a number of states in the environment. \n",
    "            env.nA is a number of actions in the environment.\n",
    "        theta: We stop evaluation once our value function change is less than theta for all states.\n",
    "        discount_factor: Gamma discount factor.\n",
    "    \n",
    "    Returns:\n",
    "        Vector of length env.nS representing the value function.\n",
    "    \"\"\"\n",
    "    # Start with a random (all 0) value function\n",
    "    V = np.zeros(env.nS)\n",
    "    while True:\n",
    "        V_next = np.copy(V)\n",
    "        for s in range(env.nS):\n",
    "            V_next[s] = 0\n",
    "            for a, action_prob in enumerate(policy[s]):\n",
    "                for prob, next_state, reward, done in env.P[s][a]:\n",
    "                    V_next[s] += action_prob * prob * (reward + discount_factor * V[next_state])  \n",
    "        \n",
    "        print(f'Value functions: {V}')\n",
    "        diff = np.abs(V - V_next)\n",
    "        converged = diff < theta\n",
    "        V = V_next\n",
    "        if np.all(converged):\n",
    "            break\n",
    "    return np.array(V)"
   ]
  },
  {
   "cell_type": "code",
   "execution_count": 50,
   "metadata": {},
   "outputs": [
    {
     "name": "stdout",
     "output_type": "stream",
     "text": [
      "Value functions: [0. 0. 0. 0. 0. 0. 0. 0. 0. 0. 0. 0. 0. 0. 0. 0.]\n",
      "Value functions: [ 0. -1. -1. -1. -1. -1. -1. -1. -1. -1. -1. -1. -1. -1. -1.  0.]\n",
      "Value functions: [ 0.   -1.75 -2.   -2.   -1.75 -2.   -2.   -2.   -2.   -2.   -2.   -1.75\n",
      " -2.   -2.   -1.75  0.  ]\n",
      "Value functions: [ 0.     -2.4375 -2.9375 -3.     -2.4375 -2.875  -3.     -2.9375 -2.9375\n",
      " -3.     -2.875  -2.4375 -3.     -2.9375 -2.4375  0.    ]\n",
      "Value functions: [ 0.      -3.0625  -3.84375 -3.96875 -3.0625  -3.71875 -3.90625 -3.84375\n",
      " -3.84375 -3.90625 -3.71875 -3.0625  -3.96875 -3.84375 -3.0625   0.     ]\n",
      "Value functions: [ 0.        -3.65625   -4.6953125 -4.90625   -3.65625   -4.484375\n",
      " -4.78125   -4.6953125 -4.6953125 -4.78125   -4.484375  -3.65625\n",
      " -4.90625   -4.6953125 -3.65625    0.       ]\n",
      "Value functions: [ 0.         -4.20898438 -5.50976562 -5.80078125 -4.20898438 -5.21875\n",
      " -5.58984375 -5.50976562 -5.50976562 -5.58984375 -5.21875    -4.20898438\n",
      " -5.80078125 -5.50976562 -4.20898438  0.        ]\n",
      "Value functions: [ 0.         -4.734375   -6.27734375 -6.65527344 -4.734375   -5.89941406\n",
      " -6.36425781 -6.27734375 -6.27734375 -6.36425781 -5.89941406 -4.734375\n",
      " -6.65527344 -6.27734375 -4.734375    0.        ]\n",
      "Value functions: [ 0.         -5.2277832  -7.0078125  -7.46630859 -5.2277832  -6.54931641\n",
      " -7.08837891 -7.0078125  -7.0078125  -7.08837891 -6.54931641 -5.2277832\n",
      " -7.46630859 -7.0078125  -5.2277832   0.        ]\n",
      "Value functions: [ 0.         -5.69622803 -7.6975708  -8.23706055 -5.69622803 -7.15808105\n",
      " -7.77856445 -7.6975708  -7.6975708  -7.77856445 -7.15808105 -5.69622803\n",
      " -8.23706055 -7.6975708  -5.69622803  0.        ]\n",
      "Value functions: [ 0.         -6.13796997 -8.35235596 -8.96731567 -6.13796997 -7.73739624\n",
      " -8.42782593 -8.35235596 -8.35235596 -8.42782593 -7.73739624 -6.13796997\n",
      " -8.96731567 -8.35235596 -6.13796997  0.        ]\n",
      "Value functions: [ 0.         -6.55693054 -8.97136688 -9.65983582 -6.55693054 -8.28289795\n",
      " -9.0448761  -8.97136688 -8.97136688 -9.0448761  -8.28289795 -6.55693054\n",
      " -9.65983582 -8.97136688 -6.55693054  0.        ]\n",
      "Value functions: [  0.          -6.95279884  -9.55825233 -10.31560135  -6.95279884\n",
      "  -8.80090332  -9.62713242  -9.55825233  -9.55825233  -9.62713242\n",
      "  -8.80090332  -6.95279884 -10.31560135  -9.55825233  -6.95279884\n",
      "   0.        ]\n",
      "Value functions: [  0.          -7.32798862 -10.11344624 -10.93692684  -7.32798862\n",
      "  -9.28996563 -10.17957783 -10.11344624 -10.11344624 -10.17957783\n",
      "  -9.28996563  -7.32798862 -10.93692684 -10.11344624  -7.32798862\n",
      "   0.        ]\n",
      "Value functions: [  0.          -7.68285012 -10.63948488 -11.52518654  -7.68285012\n",
      "  -9.75378323 -10.70170593 -10.63948488 -10.63948488 -10.70170593\n",
      "  -9.75378323  -7.68285012 -11.52518654 -10.63948488  -7.68285012\n",
      "   0.        ]\n",
      "Value functions: [  0.          -8.01902956 -11.13730687 -12.08233571  -8.01902956\n",
      " -10.19227803 -11.19663405 -11.13730687 -11.13730687 -11.19663405\n",
      " -10.19227803  -8.01902956 -12.08233571 -11.13730687  -8.01902956\n",
      "   0.        ]\n",
      "Value functions: [  0.          -8.33715361 -11.60882655 -12.60982129  -8.33715361\n",
      " -10.60783181 -11.66479245 -11.60882655 -11.60882655 -11.66479245\n",
      " -10.60783181  -8.33715361 -12.60982129 -11.60882655  -8.33715361\n",
      "   0.        ]\n",
      "Value functions: [  0.          -8.63845299 -12.05514847 -13.10932392  -8.63845299\n",
      " -11.00097303 -12.10832918 -12.05514847 -12.05514847 -12.10832918\n",
      " -11.00097303  -8.63845299 -13.10932392 -12.05514847  -8.63845299\n",
      "   0.        ]\n",
      "Value functions: [  0.          -8.92364362 -12.47781364 -13.5822362   -8.92364362\n",
      " -11.37339108 -12.52806075 -12.47781364 -12.47781364 -12.52806075\n",
      " -11.37339108  -8.92364362 -13.5822362  -12.47781364  -8.92364362\n",
      "   0.        ]\n",
      "Value functions: [  0.          -9.19371209 -12.87793855 -14.03002492  -9.19371209\n",
      " -11.72585219 -12.92560236 -12.87793855 -12.87793855 -12.92560236\n",
      " -11.72585219  -9.19371209 -14.03002492 -12.87793855  -9.19371209\n",
      "   0.        ]\n",
      "Value functions: [  0.          -9.44937571 -13.25681948 -14.45398174  -9.44937571\n",
      " -12.05965722 -13.30189537 -13.25681948 -13.25681948 -13.30189537\n",
      " -12.05965722  -9.44937571 -14.45398174 -13.25681948  -9.44937571\n",
      "   0.        ]\n",
      "Value functions: [  0.          -9.6914631  -13.61551807 -14.85540061  -9.6914631\n",
      " -12.37563554 -13.65823835 -13.61551807 -13.61551807 -13.65823835\n",
      " -12.37563554  -9.6914631  -14.85540061 -13.61551807  -9.6914631\n",
      "   0.        ]\n",
      "Value functions: [  0.          -9.92065418 -13.95515503 -15.23545934  -9.92065418\n",
      " -12.67485073 -13.99557681 -13.95515503 -13.95515503 -13.99557681\n",
      " -12.67485073  -9.92065418 -15.23545934 -13.95515503  -9.92065418\n",
      "   0.        ]\n",
      "Value functions: [  0.         -10.13766499 -14.27671134 -15.59530719 -10.13766499\n",
      " -12.95811549 -14.31500288 -14.27671134 -14.27671134 -14.31500288\n",
      " -12.95811549 -10.13766499 -15.59530719 -14.27671134 -10.13766499\n",
      "   0.        ]\n",
      "Value functions: [  0.         -10.34312295 -14.5811716  -15.93600926 -10.34312295\n",
      " -13.22633393 -14.61741342 -14.5811716  -14.5811716  -14.61741342\n",
      " -13.22633393 -10.34312295 -15.93600926 -14.5811716  -10.34312295\n",
      "   0.        ]\n",
      "Value functions: [  0.         -10.53765712 -14.86942931 -16.25859043 -10.53765712\n",
      " -13.48026819 -14.90375277 -14.86942931 -14.86942931 -14.90375277\n",
      " -13.48026819 -10.53765712 -16.25859043 -14.86942931 -10.53765712\n",
      "   0.        ]\n",
      "Value functions: [  0.         -10.72183865 -15.14235741 -16.56400987 -10.72183865\n",
      " -13.72070494 -15.17484875 -15.14235741 -15.14235741 -15.17484875\n",
      " -13.72070494 -10.72183865 -16.56400987 -15.14235741 -10.72183865\n",
      "   0.        ]\n",
      "Value functions: [  0.         -10.89622525 -15.40076367 -16.85318364 -10.89622525\n",
      " -13.9483437  -15.43153118 -15.40076367 -15.40076367 -15.43153118\n",
      " -13.9483437  -10.89622525 -16.85318364 -15.40076367 -10.89622525\n",
      "   0.        ]\n",
      "Value functions: [  0.         -11.06133316 -15.64542593 -17.12697365 -11.06133316\n",
      " -14.16387821 -15.67455368 -15.64542593 -15.64542593 -15.67455368\n",
      " -14.16387821 -11.06133316 -17.12697365 -15.64542593 -11.06133316\n",
      "   0.        ]\n",
      "Value functions: [  0.         -11.21765933 -15.87707161 -17.38619979 -11.21765933\n",
      " -14.36794342 -15.90465207 -15.87707161 -15.87707161 -15.90465207\n",
      " -14.36794342 -11.21765933 -17.38619979 -15.87707161 -11.21765933\n",
      "   0.        ]\n",
      "Value functions: [  0.         -11.36566859 -16.0963957  -17.6316357  -11.36566859\n",
      " -14.5611557  -16.12250751 -16.0963957  -16.0963957  -16.12250751\n",
      " -14.5611557  -11.36566859 -17.6316357  -16.0963957  -11.36566859\n",
      "   0.        ]\n",
      "Value functions: [  0.         -11.505805   -16.30405188 -17.8640157  -11.505805\n",
      " -14.74408805 -16.3287757  -16.30405188 -16.30405188 -16.3287757\n",
      " -14.74408805 -11.505805   -17.8640157  -16.30405188 -11.505805\n",
      "   0.        ]\n",
      "Value functions: [  0.         -11.63848623 -16.50066207 -18.08403379 -11.63848623\n",
      " -14.91729035 -16.52406996 -16.50066207 -16.50066207 -16.52406996\n",
      " -14.91729035 -11.63848623 -18.08403379 -16.50066207 -11.63848623\n",
      "   0.        ]\n",
      "Value functions: [  0.         -11.76410966 -16.68681301 -18.29234793 -11.76410966\n",
      " -15.0812781  -16.70897621 -16.68681301 -16.68681301 -16.70897621\n",
      " -15.0812781  -11.76410966 -18.29234793 -16.68681301 -11.76410966\n",
      "   0.        ]\n",
      "Value functions: [  0.         -11.88305019 -16.8630617  -18.48958047 -11.88305019\n",
      " -15.23654293 -16.88404555 -16.8630617  -16.8630617  -16.88404555\n",
      " -15.23654293 -11.88305019 -18.48958047 -16.8630617  -11.88305019\n",
      "   0.        ]\n",
      "Value functions: [  0.         -11.99566371 -17.02993448 -18.67632109 -11.99566371\n",
      " -15.38354787 -17.04980232 -17.02993448 -17.02993448 -17.04980232\n",
      " -15.38354787 -11.99566371 -18.67632109 -17.02993448 -11.99566371\n",
      "   0.        ]\n",
      "Value functions: [  0.         -12.10228652 -17.1879304  -18.85312778 -12.10228652\n",
      " -15.52273301 -17.20674118 -17.1879304  -17.1879304  -17.20674118\n",
      " -15.52273301 -12.10228652 -18.85312778 -17.1879304  -12.10228652\n",
      "   0.        ]\n",
      "Value functions: [  0.         -12.20323748 -17.33752147 -19.02052909 -12.20323748\n",
      " -15.65451385 -17.35533171 -17.33752147 -17.33752147 -17.35533171\n",
      " -15.65451385 -12.20323748 -19.02052909 -17.33752147 -12.20323748\n",
      "   0.        ]\n",
      "Value functions: [  0.         -12.2988182  -17.47915494 -19.17902528 -12.2988182\n",
      " -15.77928459 -17.49601766 -17.47915494 -17.47915494 -17.49601766\n",
      " -15.77928459 -12.2988182  -19.17902528 -17.47915494 -12.2988182\n",
      "   0.        ]\n",
      "Value functions: [  0.         -12.38931443 -17.61325402 -19.32909011 -12.38931443\n",
      " -15.89741793 -17.62921977 -17.61325402 -17.61325402 -17.62921977\n",
      " -15.89741793 -12.38931443 -19.32909011 -17.61325402 -12.38931443\n",
      "   0.        ]\n",
      "Value functions: [  0.         -12.47499659 -17.74021958 -19.47117206 -12.47499659\n",
      " -16.0092671  -17.75533597 -17.74021958 -17.74021958 -17.75533597\n",
      " -16.0092671  -12.47499659 -19.47117206 -17.74021958 -12.47499659\n",
      "   0.        ]\n",
      "Value functions: [  0.         -12.55612082 -17.86043105 -19.60569582 -12.55612082\n",
      " -16.11516628 -17.87474334 -17.86043105 -17.86043105 -17.87474334\n",
      " -16.11516628 -12.55612082 -19.60569582 -17.86043105 -12.55612082\n",
      "   0.        ]\n",
      "Value functions: [  0.         -12.63292954 -17.97424776 -19.73306344 -12.63292954\n",
      " -16.21543208 -17.98779867 -17.97424776 -17.97424776 -17.98779867\n",
      " -16.21543208 -12.63292954 -19.73306344 -17.97424776 -12.63292954\n",
      "   0.        ]\n",
      "Value functions: [  0.         -12.70565234 -18.08200985 -19.8536556  -12.70565234\n",
      " -16.3103641  -18.09483992 -18.08200985 -18.08200985 -18.09483992\n",
      " -16.3103641  -12.70565234 -19.8536556  -18.08200985 -12.70565234\n",
      "   0.        ]\n",
      "Value functions: [  0.         -12.77450657 -18.18403943 -19.96783272 -12.77450657\n",
      " -16.40024613 -18.19618698 -18.18403943 -18.18403943 -18.19618698\n",
      " -16.40024613 -12.77450657 -19.96783272 -18.18403943 -12.77450657\n",
      "   0.        ]\n",
      "Value functions: [  0.         -12.83969803 -18.28064143 -20.07593608 -12.83969803\n",
      " -16.48534678 -18.29214278 -18.28064143 -18.28064143 -18.29214278\n",
      " -16.48534678 -12.83969803 -20.07593608 -18.28064143 -12.83969803\n",
      "   0.        ]\n",
      "Value functions: [  0.         -12.90142156 -18.37210458 -20.17828875 -12.90142156\n",
      " -16.56592041 -18.3829941  -18.37210458 -18.37210458 -18.3829941\n",
      " -16.56592041 -12.90142156 -20.17828875 -18.37210458 -12.90142156\n",
      "   0.        ]\n",
      "Value functions: [  0.         -12.95986164 -18.45870225 -20.27519666 -12.95986164\n",
      " -16.64220783 -18.46901249 -18.45870225 -18.45870225 -18.46901249\n",
      " -16.64220783 -12.95986164 -20.27519666 -18.45870225 -12.95986164\n",
      "   0.        ]\n",
      "Value functions: [  0.         -13.01519293 -18.54069326 -20.36694946 -13.01519293\n",
      " -16.71443706 -18.55045504 -18.54069326 -18.54069326 -18.55045504\n",
      " -16.71443706 -13.01519293 -20.36694946 -18.54069326 -13.01519293\n",
      "   0.        ]\n",
      "Value functions: [  0.         -13.06758081 -18.61832267 -20.45382136 -13.06758081\n",
      " -16.78282398 -18.62756516 -18.61832267 -18.61832267 -18.62756516\n",
      " -16.78282398 -13.06758081 -20.45382136 -18.61832267 -13.06758081\n",
      "   0.        ]\n",
      "Value functions: [  0.         -13.11718187 -18.6918225  -20.53607201 -13.11718187\n",
      " -16.84757299 -18.70057333 -18.6918225  -18.6918225  -18.70057333\n",
      " -16.84757299 -13.11718187 -20.53607201 -18.6918225  -13.11718187\n",
      "   0.        ]\n",
      "Value functions: [  0.         -13.16414434 -18.76141243 -20.61394726 -13.16414434\n",
      " -16.9088776  -18.76969774 -18.76141243 -18.76141243 -18.76969774\n",
      " -16.9088776  -13.16414434 -20.61394726 -18.76141243 -13.16414434\n",
      "   0.        ]\n",
      "Value functions: [  0.         -13.20860859 -18.82730044 -20.68767984 -13.20860859\n",
      " -16.96692104 -18.83514501 -18.82730044 -18.82730044 -18.83514501\n",
      " -16.96692104 -13.20860859 -20.68767984 -18.82730044 -13.20860859\n",
      "   0.        ]\n",
      "Value functions: [  0.         -13.25070752 -18.88968347 -20.75749014 -13.25070752\n",
      " -17.0218768  -18.89711074 -18.88968347 -18.88968347 -18.89711074\n",
      " -17.0218768  -13.25070752 -20.75749014 -18.88968347 -13.25070752\n",
      "   0.        ]\n",
      "Value functions: [  0.         -13.29056695 -18.94874797 -20.82358681 -13.29056695\n",
      " -17.07390913 -18.95578014 -18.94874797 -18.94874797 -18.95578014\n",
      " -17.07390913 -13.29056695 -20.82358681 -18.94874797 -13.29056695\n",
      "   0.        ]\n",
      "Value functions: [  0.         -13.32830601 -19.00467047 -20.88616739 -13.32830601\n",
      " -17.12317354 -19.01132855 -19.00467047 -19.00467047 -19.01132855\n",
      " -17.12317354 -13.32830601 -20.88616739 -19.00467047 -13.32830601\n",
      "   0.        ]\n",
      "Value functions: [  0.         -13.3640375  -19.0576181  -20.94541893 -13.3640375\n",
      " -17.16981728 -19.063922   -19.0576181  -19.0576181  -19.063922\n",
      " -17.16981728 -13.3640375  -20.94541893 -19.0576181  -13.3640375\n",
      "   0.        ]\n",
      "Value functions: [  0.         -13.39786822 -19.10774913 -21.00151852 -13.39786822\n",
      " -17.21397975 -19.11371769 -19.10774913 -19.10774913 -19.11371769\n",
      " -17.21397975 -13.39786822 -21.00151852 -19.10774913 -13.39786822\n",
      "   0.        ]\n",
      "Value functions: [  0.         -13.42989928 -19.15521339 -21.05463382 -13.42989928\n",
      " -17.25579296 -19.16086444 -19.15521339 -19.15521339 -19.16086444\n",
      " -17.25579296 -13.42989928 -21.05463382 -19.15521339 -13.42989928\n",
      "   0.        ]\n",
      "Value functions: [  0.         -13.46022641 -19.20015273 -21.10492361 -13.46022641\n",
      " -17.29538186 -19.20550317 -19.20015273 -19.20015273 -19.20550317\n",
      " -17.29538186 -13.46022641 -21.10492361 -19.20015273 -13.46022641\n",
      "   0.        ]\n",
      "Value functions: [  0.         -13.48894025 -19.24270148 -21.15253817 -13.48894025\n",
      " -17.33286479 -19.2477673  -19.24270148 -19.24270148 -19.2477673\n",
      " -17.33286479 -13.48894025 -21.15253817 -19.24270148 -13.48894025\n",
      "   0.        ]\n",
      "Value functions: [  0.         -13.51612663 -19.2829868  -21.19761983 -13.51612663\n",
      " -17.36835377 -19.28778314 -19.2829868  -19.2829868  -19.28778314\n",
      " -17.36835377 -13.51612663 -21.19761983 -19.2829868  -13.51612663\n",
      "   0.        ]\n",
      "Value functions: [  0.         -13.5418668  -19.3211291  -21.24030331 -13.5418668\n",
      " -17.40195488 -19.32567029 -19.3211291  -19.3211291  -19.32567029\n",
      " -17.40195488 -13.5418668  -21.24030331 -19.3211291  -13.5418668\n",
      "   0.        ]\n",
      "Value functions: [  0.         -13.5662377  -19.35724237 -21.28071621 -13.5662377\n",
      " -17.43376854 -19.36154199 -19.35724237 -19.35724237 -19.36154199\n",
      " -17.43376854 -13.5662377  -21.28071621 -19.35724237 -13.5662377\n",
      "   0.        ]\n",
      "Value functions: [  0.         -13.58931215 -19.39143457 -21.31897929 -13.58931215\n",
      " -17.46388984 -19.39550546 -19.39143457 -19.39143457 -19.39550546\n",
      " -17.46388984 -13.58931215 -21.31897929 -19.39143457 -13.58931215\n",
      "   0.        ]\n",
      "Value functions: [  0.         -13.61115914 -19.42380787 -21.35520693 -13.61115914\n",
      " -17.49240881 -19.4276622  -19.42380787 -19.42380787 -19.4276622\n",
      " -17.49240881 -13.61115914 -21.35520693 -19.42380787 -13.61115914\n",
      "   0.        ]\n",
      "Value functions: [  0.         -13.63184395 -19.45445904 -21.3895074  -13.63184395\n",
      " -17.51941067 -19.45810834 -19.45445904 -19.45445904 -19.45810834\n",
      " -17.51941067 -13.63184395 -21.3895074  -19.45445904 -13.63184395\n",
      "   0.        ]\n",
      "Value functions: [  0.         -13.65142842 -19.48347968 -21.42198322 -13.65142842\n",
      " -17.54497615 -19.48693485 -19.48347968 -19.48347968 -19.48693485\n",
      " -17.54497615 -13.65142842 -21.42198322 -19.48347968 -13.65142842\n",
      "   0.        ]\n",
      "Value functions: [  0.         -13.66997106 -19.51095654 -21.45273145 -13.66997106\n",
      " -17.56918163 -19.51422791 -19.51095654 -19.51095654 -19.51422791\n",
      " -17.56918163 -13.66997106 -21.45273145 -19.51095654 -13.66997106\n",
      "   0.        ]\n",
      "Value functions: [  0.         -13.68752731 -19.53697174 -21.481844   -13.68752731\n",
      " -17.59209949 -19.54006909 -19.53697174 -19.53697174 -19.54006909\n",
      " -17.59209949 -13.68752731 -21.481844   -19.53697174 -13.68752731\n",
      "   0.        ]\n",
      "Value functions: [  0.         -13.70414963 -19.56160303 -21.50940787 -13.70414963\n",
      " -17.6137982  -19.56453561 -19.56160303 -19.56160303 -19.56453561\n",
      " -17.6137982  -13.70414963 -21.50940787 -19.56160303 -13.70414963\n",
      "   0.        ]\n",
      "Value functions: [  0.         -13.71988772 -19.58492404 -21.53550545 -13.71988772\n",
      " -17.63434262 -19.58770062 -19.58492404 -19.58492404 -19.58770062\n",
      " -17.63434262 -13.71988772 -21.53550545 -19.58492404 -13.71988772\n",
      "   0.        ]\n",
      "Value functions: [  0.         -13.73478859 -19.60700446 -21.56021474 -13.73478859\n",
      " -17.65379417 -19.60963333 -19.60700446 -19.60700446 -19.60963333\n",
      " -17.65379417 -13.73478859 -21.56021474 -19.60700446 -13.73478859\n",
      "   0.        ]\n",
      "Value functions: [  0.         -13.7488968  -19.62791028 -21.5836096  -13.7488968\n",
      " -17.67221096 -19.63039931 -19.62791028 -19.62791028 -19.63039931\n",
      " -17.67221096 -13.7488968  -21.5836096  -19.62791028 -13.7488968\n",
      "   0.        ]\n",
      "Value functions: [  0.         -13.76225451 -19.647704   -21.60575994 -13.76225451\n",
      " -17.68964806 -19.65006062 -19.647704   -19.647704   -19.65006062\n",
      " -17.68964806 -13.76225451 -21.60575994 -19.647704   -13.76225451\n",
      "   0.        ]\n",
      "Value functions: [  0.         -13.77490164 -19.66644477 -21.62673197 -13.77490164\n",
      " -17.70615757 -19.66867603 -19.66644477 -19.66644477 -19.66867603\n",
      " -17.70615757 -13.77490164 -21.62673197 -19.66644477 -13.77490164\n",
      "   0.        ]\n",
      "Value functions: [  0.         -13.78687599 -19.6841886  -21.64658837 -13.78687599\n",
      " -17.72178884 -19.68630117 -19.6841886  -19.6841886  -19.68630117\n",
      " -17.72178884 -13.78687599 -21.64658837 -19.6841886  -13.78687599\n",
      "   0.        ]\n",
      "Value functions: [  0.         -13.79821336 -19.70098853 -21.66538849 -13.79821336\n",
      " -17.73658858 -19.70298872 -19.70098853 -19.70098853 -19.70298872\n",
      " -17.73658858 -13.79821336 -21.66538849 -19.70098853 -13.79821336\n",
      "   0.        ]\n",
      "Value functions: [  0.         -13.80894762 -19.71689477 -21.68318851 -13.80894762\n",
      " -17.75060104 -19.71878856 -19.71689477 -19.71689477 -19.71878856\n",
      " -17.75060104 -13.80894762 -21.68318851 -19.71689477 -13.80894762\n",
      "   0.        ]\n",
      "Value functions: [  0.         -13.81911086 -19.73195486 -21.70004164 -13.81911086\n",
      " -17.76386809 -19.73374791 -19.73195486 -19.73195486 -19.73374791\n",
      " -17.76386809 -13.81911086 -21.70004164 -19.73195486 -13.81911086\n",
      "   0.        ]\n",
      "Value functions: [  0.         -13.82873345 -19.74621382 -21.71599825 -13.82873345\n",
      " -17.77642938 -19.74791148 -19.74621382 -19.74621382 -19.74791148\n",
      " -17.77642938 -13.82873345 -21.71599825 -19.74621382 -13.82873345\n",
      "   0.        ]\n",
      "Value functions: [  0.         -13.83784416 -19.75971425 -21.73110604 -13.83784416\n",
      " -17.78832246 -19.7613216  -19.75971425 -19.75971425 -19.7613216\n",
      " -17.78832246 -13.83784416 -21.73110604 -19.75971425 -13.83784416\n",
      "   0.        ]\n",
      "Value functions: [  0.         -13.84647022 -19.77249651 -21.74541014 -13.84647022\n",
      " -17.79958288 -19.77401836 -19.77249651 -19.77249651 -19.77401836\n",
      " -17.79958288 -13.84647022 -21.74541014 -19.77249651 -13.84647022\n",
      "   0.        ]\n",
      "Value functions: [  0.         -13.8546374  -19.78459881 -21.75895333 -13.8546374\n",
      " -17.81024429 -19.7860397  -19.78459881 -19.78459881 -19.7860397\n",
      " -17.81024429 -13.8546374  -21.75895333 -19.78459881 -13.8546374\n",
      "   0.        ]\n",
      "Value functions: [  0.         -13.86237012 -19.79605731 -21.77177607 -13.86237012\n",
      " -17.82033855 -19.79742155 -19.79605731 -19.79605731 -19.79742155\n",
      " -17.82033855 -13.86237012 -21.77177607 -19.79605731 -13.86237012\n",
      "   0.        ]\n",
      "Value functions: [  0.         -13.8696915  -19.80690626 -21.78391669 -13.8696915\n",
      " -17.82989584 -19.80819793 -19.80690626 -19.80690626 -19.80819793\n",
      " -17.82989584 -13.8696915  -21.78391669 -19.80690626 -13.8696915\n",
      "   0.        ]\n",
      "Value functions: [  0.         -13.8766234  -19.81717809 -21.79541148 -13.8766234\n",
      " -17.83894471 -19.81840105 -19.81717809 -19.81717809 -19.81840105\n",
      " -17.83894471 -13.8766234  -21.79541148 -19.81717809 -13.8766234\n",
      "   0.        ]\n",
      "Value functions: [  0.         -13.88318655 -19.8269035  -21.80629478 -13.88318655\n",
      " -17.84751222 -19.8280614  -19.8269035  -19.8269035  -19.8280614\n",
      " -17.84751222 -13.88318655 -21.80629478 -19.8269035  -13.88318655\n",
      "   0.        ]\n",
      "Value functions: [  0.         -13.88940057 -19.83611156 -21.81659914 -13.88940057\n",
      " -17.85562398 -19.83720786 -19.83611156 -19.83611156 -19.83720786\n",
      " -17.85562398 -13.88940057 -21.81659914 -19.83611156 -13.88940057\n",
      "   0.        ]\n",
      "Value functions: [  0.         -13.89528403 -19.84482978 -21.82635535 -13.89528403\n",
      " -17.86330422 -19.84586777 -19.84482978 -19.84482978 -19.84586777\n",
      " -17.86330422 -13.89528403 -21.82635535 -19.84482978 -13.89528403\n",
      "   0.        ]\n",
      "Value functions: [  0.         -13.90085451 -19.85308423 -21.83559257 -13.90085451\n",
      " -17.8705759  -19.854067   -19.85308423 -19.85308423 -19.854067\n",
      " -17.8705759  -13.90085451 -21.83559257 -19.85308423 -13.90085451\n",
      "   0.        ]\n",
      "Value functions: [  0.         -13.90612866 -19.86089958 -21.8443384  -13.90612866\n",
      " -17.87746075 -19.86183007 -19.86089958 -19.86089958 -19.86183007\n",
      " -17.87746075 -13.90612866 -21.8443384  -19.86089958 -13.90612866\n",
      "   0.        ]\n",
      "Value functions: [  0.         -13.91112225 -19.86829918 -21.85261899 -13.91112225\n",
      " -17.88397936 -19.86918017 -19.86829918 -19.86829918 -19.86918017\n",
      " -17.88397936 -13.91112225 -21.85261899 -19.86829918 -13.91112225\n",
      "   0.        ]\n",
      "Value functions: [  0.         -13.9158502  -19.87530514 -21.86045908 -13.9158502\n",
      " -17.89015121 -19.87613927 -19.87530514 -19.87530514 -19.87613927\n",
      " -17.89015121 -13.9158502  -21.86045908 -19.87530514 -13.9158502\n",
      "   0.        ]\n",
      "Value functions: [  0.         -13.92032664 -19.88193842 -21.86788211 -13.92032664\n",
      " -17.89599473 -19.88272818 -19.88193842 -19.88193842 -19.88272818\n",
      " -17.89599473 -13.92032664 -21.86788211 -19.88193842 -13.92032664\n",
      "   0.        ]\n",
      "Value functions: [  0.         -13.92456495 -19.88821884 -21.87491027 -13.92456495\n",
      " -17.90152741 -19.88896658 -19.88821884 -19.88821884 -19.88896658\n",
      " -17.90152741 -13.92456495 -21.87491027 -19.88821884 -13.92456495\n",
      "   0.        ]\n",
      "Value functions: [  0.         -13.9285778  -19.89416516 -21.88156455 -13.9285778\n",
      " -17.90676576 -19.89487312 -19.89416516 -19.89416516 -19.89487312\n",
      " -17.90676576 -13.9285778  -21.88156455 -19.89416516 -13.9285778\n",
      "   0.        ]\n",
      "Value functions: [  0.         -13.93237718 -19.89979516 -21.88786486 -13.93237718\n",
      " -17.91172546 -19.90046546 -19.89979516 -19.89979516 -19.90046546\n",
      " -17.91172546 -13.93237718 -21.88786486 -19.89979516 -13.93237718\n",
      "   0.        ]\n",
      "Value functions: [  0.         -13.93597445 -19.90512566 -21.89383001 -13.93597445\n",
      " -17.91642132 -19.90576031 -19.90512566 -19.90512566 -19.90576031\n",
      " -17.91642132 -13.93597445 -21.89383001 -19.90512566 -13.93597445\n",
      "   0.        ]\n",
      "Value functions: [  0.         -13.93938036 -19.91017261 -21.89947784 -13.93938036\n",
      " -17.92086738 -19.91077349 -19.91017261 -19.91017261 -19.91077349\n",
      " -17.92086738 -13.93938036 -21.89947784 -19.91017261 -13.93938036\n",
      "   0.        ]\n",
      "Value functions: [  0.         -13.94260509 -19.91495107 -21.90482522 -13.94260509\n",
      " -17.92507693 -19.91551999 -19.91495107 -19.91495107 -19.91551999\n",
      " -17.92507693 -13.94260509 -21.90482522 -19.91495107 -13.94260509\n",
      "   0.        ]\n",
      "Value functions: [  0.         -13.94565827 -19.91947534 -21.90988815 -13.94565827\n",
      " -17.92906254 -19.920014   -19.91947534 -19.91947534 -19.920014\n",
      " -17.92906254 -13.94565827 -21.90988815 -19.91947534 -13.94565827\n",
      "   0.        ]\n",
      "Value functions: [  0.         -13.94854904 -19.92375894 -21.91468175 -13.94854904\n",
      " -17.93283614 -19.92426894 -19.92375894 -19.92375894 -19.92426894\n",
      " -17.93283614 -13.94854904 -21.91468175 -19.92375894 -13.94854904\n",
      "   0.        ]\n",
      "Value functions: [  0.         -13.95128603 -19.92781467 -21.91922034 -13.95128603\n",
      " -17.93640899 -19.92829754 -19.92781467 -19.92781467 -19.92829754\n",
      " -17.93640899 -13.95128603 -21.91922034 -19.92781467 -13.95128603\n",
      "   0.        ]\n",
      "Value functions: [  0.         -13.95387742 -19.93165464 -21.9235175  -13.95387742\n",
      " -17.93979178 -19.93211183 -19.93165464 -19.93165464 -19.93211183\n",
      " -17.93979178 -13.95387742 -21.9235175  -19.93165464 -13.95387742\n",
      "   0.        ]\n",
      "Value functions: [  0.         -13.95633096 -19.93529035 -21.92758607 -13.95633096\n",
      " -17.94299462 -19.93572321 -19.93529035 -19.93529035 -19.93572321\n",
      " -17.94299462 -13.95633096 -21.92758607 -19.93529035 -13.95633096\n",
      "   0.        ]\n",
      "Value functions: [  0.         -13.95865398 -19.93873265 -21.93143821 -13.95865398\n",
      " -17.94602709 -19.93914249 -19.93873265 -19.93873265 -19.93914249\n",
      " -17.94602709 -13.95865398 -21.93143821 -19.93873265 -13.95865398\n",
      "   0.        ]\n",
      "Value functions: [  0.         -13.96085343 -19.94199183 -21.93508543 -13.96085343\n",
      " -17.94889824 -19.94237987 -19.94199183 -19.94199183 -19.94237987\n",
      " -17.94889824 -13.96085343 -21.93508543 -19.94199183 -13.96085343\n",
      "   0.        ]\n",
      "Value functions: [  0.         -13.96293587 -19.94507764 -21.93853863 -13.96293587\n",
      " -17.95161665 -19.94544503 -19.94507764 -19.94507764 -19.94544503\n",
      " -17.95161665 -13.96293587 -21.93853863 -19.94507764 -13.96293587\n",
      "   0.        ]\n",
      "Value functions: [  0.         -13.96490754 -19.9479993  -21.94180814 -13.96490754\n",
      " -17.95419045 -19.94834715 -19.9479993  -19.9479993  -19.94834715\n",
      " -17.95419045 -13.96490754 -21.94180814 -19.9479993  -13.96490754\n",
      "   0.        ]\n",
      "Value functions: [  0.         -13.96677432 -19.95076553 -21.94490372 -13.96677432\n",
      " -17.95662734 -19.95109487 -19.95076553 -19.95076553 -19.95109487\n",
      " -17.95662734 -13.96677432 -21.94490372 -19.95076553 -13.96677432\n",
      "   0.        ]\n",
      "Value functions: [  0.         -13.9685418  -19.95338461 -21.94783462 -13.9685418\n",
      " -17.9589346  -19.95369644 -19.95338461 -19.95338461 -19.95369644\n",
      " -17.9589346  -13.9685418  -21.94783462 -19.95338461 -13.9685418\n",
      "   0.        ]\n",
      "Value functions: [  0.         -13.97021525 -19.95586437 -21.95060962 -13.97021525\n",
      " -17.96111912 -19.9561596  -19.95586437 -19.95586437 -19.9561596\n",
      " -17.96111912 -13.97021525 -21.95060962 -19.95586437 -13.97021525\n",
      "   0.        ]\n",
      "Value functions: [  0.         -13.97179968 -19.95821221 -21.95323699 -13.97179968\n",
      " -17.96318743 -19.95849174 -19.95821221 -19.95821221 -19.95849174\n",
      " -17.96318743 -13.97179968 -21.95323699 -19.95821221 -13.97179968\n",
      "   0.        ]\n",
      "Value functions: [  0.         -13.97329983 -19.96043516 -21.9557246  -13.97329983\n",
      " -17.96514571 -19.96069982 -19.96043516 -19.96043516 -19.96069982\n",
      " -17.96514571 -13.97329983 -21.9557246  -19.96043516 -13.97329983\n",
      "   0.        ]\n",
      "Value functions: [  0.         -13.97472018 -19.96253985 -21.95807988 -13.97472018\n",
      " -17.96699983 -19.96279044 -19.96253985 -19.96253985 -19.96279044\n",
      " -17.96699983 -13.97472018 -21.95807988 -19.96253985 -13.97472018\n",
      "   0.        ]\n",
      "Value functions: [  0.         -13.97606496 -19.96453259 -21.96030987 -13.97606496\n",
      " -17.96875531 -19.96476984 -19.96453259 -19.96453259 -19.96476984\n",
      " -17.96875531 -13.97606496 -21.96030987 -19.96453259 -13.97606496\n",
      "   0.        ]\n",
      "Value functions: [  0.         -13.97733821 -19.96641931 -21.96242123 -13.97733821\n",
      " -17.9704174  -19.96664395 -19.96641931 -19.96641931 -19.96664395\n",
      " -17.9704174  -13.97733821 -21.96242123 -19.96641931 -13.97733821\n",
      "   0.        ]\n",
      "Value functions: [  0.         -13.97854373 -19.96820567 -21.96442027 -13.97854373\n",
      " -17.97199108 -19.96841836 -19.96820567 -19.96820567 -19.96841836\n",
      " -17.97199108 -13.97854373 -21.96442027 -19.96820567 -13.97854373\n",
      "   0.        ]\n",
      "Value functions: [  0.         -13.97968512 -19.96989701 -21.96631297 -13.97968512\n",
      " -17.97348104 -19.97009838 -19.96989701 -19.96989701 -19.97009838\n",
      " -17.97348104 -13.97968512 -21.96631297 -19.96989701 -13.97968512\n",
      "   0.        ]\n",
      "Value functions: [  0.         -13.98076579 -19.97149837 -21.96810499 -13.98076579\n",
      " -17.97489175 -19.97168903 -19.97149837 -19.97149837 -19.97168903\n",
      " -17.97489175 -13.98076579 -21.96810499 -19.97149837 -13.98076579\n",
      "   0.        ]\n",
      "Value functions: [  0.         -13.98178898 -19.97301454 -21.96980168 -13.98178898\n",
      " -17.97622741 -19.97319506 -19.97301454 -19.97301454 -19.97319506\n",
      " -17.97622741 -13.98178898 -21.96980168 -19.97301454 -13.98178898\n",
      "   0.        ]\n",
      "Value functions: [  0.         -13.98275773 -19.97445007 -21.97140811 -13.98275773\n",
      " -17.97749202 -19.97462098 -19.97445007 -19.97445007 -19.97462098\n",
      " -17.97749202 -13.98275773 -21.97140811 -19.97445007 -13.98275773\n",
      "   0.        ]\n",
      "Value functions: [  0.         -13.98367495 -19.97580922 -21.97292909 -13.98367495\n",
      " -17.97868936 -19.97597104 -19.97580922 -19.97580922 -19.97597104\n",
      " -17.97868936 -13.98367495 -21.97292909 -19.97580922 -13.98367495\n",
      "   0.        ]\n",
      "Value functions: [  0.         -13.98454338 -19.97709608 -21.97436916 -13.98454338\n",
      " -17.979823   -19.97724929 -19.97709608 -19.97709608 -19.97724929\n",
      " -17.979823   -13.98454338 -21.97436916 -19.97709608 -13.98454338\n",
      "   0.        ]\n",
      "Value functions: [  0.         -13.98536561 -19.97831448 -21.97573262 -13.98536561\n",
      " -17.98089634 -19.97845954 -19.97831448 -19.97831448 -19.97845954\n",
      " -17.98089634 -13.98536561 -21.97573262 -19.97831448 -13.98536561\n",
      "   0.        ]\n",
      "Value functions: [  0.         -13.98614411 -19.97946806 -21.97702355 -13.98614411\n",
      " -17.98191258 -19.97960541 -19.97946806 -19.97946806 -19.97960541\n",
      " -17.98191258 -13.98614411 -21.97702355 -19.97946806 -13.98614411\n",
      "   0.        ]\n",
      "Value functions: [  0.         -13.98688119 -19.98056028 -21.9782458  -13.98688119\n",
      " -17.98287476 -19.98069032 -19.98056028 -19.98056028 -19.98069032\n",
      " -17.98287476 -13.98688119 -21.9782458  -19.98056028 -13.98688119\n",
      "   0.        ]\n",
      "Value functions: [  0.         -13.98757906 -19.9815944  -21.97940304 -13.98757906\n",
      " -17.98378575 -19.98171752 -19.9815944  -19.9815944  -19.98171752\n",
      " -17.98378575 -13.98757906 -21.97940304 -19.9815944  -13.98757906\n",
      "   0.        ]\n",
      "Value functions: [  0.         -13.9882398  -19.9825735  -21.98049872 -13.9882398\n",
      " -17.98464829 -19.98269007 -19.9825735  -19.9825735  -19.98269007\n",
      " -17.98464829 -13.9882398  -21.98049872 -19.9825735  -13.9882398\n",
      "   0.        ]\n",
      "Value functions: [  0.         -13.9888654  -19.98350052 -21.98153611 -13.9888654\n",
      " -17.98546494 -19.98361089 -19.98350052 -19.98350052 -19.98361089\n",
      " -17.98546494 -13.9888654  -21.98153611 -19.98350052 -13.9888654\n",
      "   0.        ]\n",
      "Value functions: [  0.         -13.98945772 -19.98437823 -21.98251832 -13.98945772\n",
      " -17.98623815 -19.98448273 -19.98437823 -19.98437823 -19.98448273\n",
      " -17.98623815 -13.98945772 -21.98251832 -19.98437823 -13.98945772\n",
      "   0.        ]\n",
      "Value functions: [  0.         -13.99001852 -19.98520925 -21.98344828 -13.99001852\n",
      " -17.98697022 -19.98530819 -19.98520925 -19.98520925 -19.98530819\n",
      " -17.98697022 -13.99001852 -21.98344828 -19.98520925 -13.99001852\n",
      "   0.        ]\n",
      "Value functions: [  0.         -13.9905495  -19.98599606 -21.98432876 -13.9905495\n",
      " -17.98766336 -19.98608974 -19.98599606 -19.98599606 -19.98608974\n",
      " -17.98766336 -13.9905495  -21.98432876 -19.98599606 -13.9905495\n",
      "   0.        ]\n",
      "Value functions: [  0.         -13.99105223 -19.98674101 -21.98516241 -13.99105223\n",
      " -17.98831962 -19.98682971 -19.98674101 -19.98674101 -19.98682971\n",
      " -17.98831962 -13.99105223 -21.98516241 -19.98674101 -13.99105223\n",
      "   0.        ]\n",
      "Value functions: [  0.         -13.99152822 -19.98744634 -21.98595171 -13.99152822\n",
      " -17.98894097 -19.98753032 -19.98744634 -19.98744634 -19.98753032\n",
      " -17.98894097 -13.99152822 -21.98595171 -19.98744634 -13.99152822\n",
      "   0.        ]\n",
      "Value functions: [  0.         -13.99197888 -19.98811415 -21.98669903 -13.99197888\n",
      " -17.98952927 -19.98819365 -19.98811415 -19.98811415 -19.98819365\n",
      " -17.98952927 -13.99197888 -21.98669903 -19.98811415 -13.99197888\n",
      "   0.        ]\n",
      "Value functions: [  0.         -13.99240557 -19.98874643 -21.98740659 -13.99240557\n",
      " -17.99008627 -19.98882171 -19.98874643 -19.98874643 -19.98882171\n",
      " -17.99008627 -13.99240557 -21.98740659 -19.98874643 -13.99240557\n",
      "   0.        ]\n",
      "Value functions: [  0.         -13.99280957 -19.98934507 -21.98807651 -13.99280957\n",
      " -17.99061364 -19.98941635 -19.98934507 -19.98934507 -19.98941635\n",
      " -17.99061364 -13.99280957 -21.98807651 -19.98934507 -13.99280957\n",
      "   0.        ]\n",
      "Value functions: [  0.         -13.99319207 -19.98991187 -21.98871079 -13.99319207\n",
      " -17.99111296 -19.98997936 -19.98991187 -19.98991187 -19.98997936\n",
      " -17.99111296 -13.99319207 -21.98871079 -19.98991187 -13.99319207\n",
      "   0.        ]\n",
      "Value functions: [  0.         -13.99355423 -19.99044852 -21.98931133 -13.99355423\n",
      " -17.99158571 -19.99051242 -19.99044852 -19.99044852 -19.99051242\n",
